 -0.83231168E+00  0.79004766E+00  0.12952944E-01  0.63979306E-03  0.16671429E-02  0.25711180E-01  0.00000000E+00  0.00000000E+00  0.00000000E+00  0.12929606E-02  0.00000000E+00  0.00000000E+00  0.00000000E+00  0.00000000E+00  0.00000000E+00
  0.25711180E-01 -0.67975201E-01  0.00000000E+00  0.00000000E+00  0.00000000E+00  0.25711180E-01  0.12952944E-01  0.63979306E-03  0.16671429E-02  0.00000000E+00  0.00000000E+00  0.00000000E+00  0.00000000E+00  0.12929606E-02  0.00000000E+00
  0.12929606E-02  0.00000000E+00 -0.83004170E+00  0.10029793E-01  0.16671429E-02  0.00000000E+00  0.79004766E+00  0.00000000E+00  0.00000000E+00  0.12929606E-02  0.25711180E-01  0.00000000E+00  0.00000000E+00  0.00000000E+00  0.00000000E+00
  0.12929606E-02  0.00000000E+00  0.16671429E-02 -0.82167905E+00  0.16671429E-02  0.00000000E+00  0.00000000E+00  0.79004766E+00  0.00000000E+00  0.12929606E-02  0.00000000E+00  0.25711180E-01  0.00000000E+00  0.00000000E+00  0.00000000E+00
  0.12929606E-02  0.00000000E+00  0.16671429E-02  0.10029793E-01 -0.83004170E+00  0.00000000E+00  0.00000000E+00  0.00000000E+00  0.79004766E+00  0.12929606E-02  0.00000000E+00  0.00000000E+00  0.25711180E-01  0.00000000E+00  0.00000000E+00
  0.25711180E-01  0.79004766E+00  0.00000000E+00  0.00000000E+00  0.00000000E+00 -0.83231168E+00  0.00000000E+00  0.00000000E+00  0.00000000E+00  0.00000000E+00  0.12952944E-01  0.63979306E-03  0.16671429E-02  0.00000000E+00  0.12929606E-02
  0.00000000E+00  0.12929606E-02  0.25711180E-01  0.00000000E+00  0.00000000E+00  0.00000000E+00 -0.65705217E-01  0.10029793E-01  0.16671429E-02  0.00000000E+00  0.25711180E-01  0.00000000E+00  0.00000000E+00  0.12929606E-02  0.00000000E+00
  0.00000000E+00  0.12929606E-02  0.00000000E+00  0.25711180E-01  0.00000000E+00  0.00000000E+00  0.16671429E-02 -0.57342567E-01  0.16671429E-02  0.00000000E+00  0.00000000E+00  0.25711180E-01  0.00000000E+00  0.12929606E-02  0.00000000E+00
  0.00000000E+00  0.12929606E-02  0.00000000E+00  0.00000000E+00  0.25711180E-01  0.00000000E+00  0.16671429E-02  0.10029793E-01 -0.65705217E-01  0.00000000E+00  0.00000000E+00  0.00000000E+00  0.25711180E-01  0.12929606E-02  0.00000000E+00
  0.12929606E-02  0.00000000E+00  0.16671429E-02  0.63979306E-03  0.12952944E-01  0.00000000E+00  0.00000000E+00  0.00000000E+00  0.00000000E+00 -0.83231168E+00  0.00000000E+00  0.00000000E+00  0.00000000E+00  0.79004766E+00  0.25711180E-01
  0.00000000E+00  0.00000000E+00  0.25711180E-01  0.00000000E+00  0.00000000E+00  0.12929606E-02  0.79004766E+00  0.00000000E+00  0.00000000E+00  0.00000000E+00 -0.83004170E+00  0.10029793E-01  0.16671429E-02  0.00000000E+00  0.12929606E-02
  0.00000000E+00  0.00000000E+00  0.00000000E+00  0.25711180E-01  0.00000000E+00  0.12929606E-02  0.00000000E+00  0.79004766E+00  0.00000000E+00  0.00000000E+00  0.16671429E-02 -0.82167905E+00  0.16671429E-02  0.00000000E+00  0.12929606E-02
  0.00000000E+00  0.00000000E+00  0.00000000E+00  0.00000000E+00  0.25711180E-01  0.12929606E-02  0.00000000E+00  0.00000000E+00  0.79004766E+00  0.00000000E+00  0.16671429E-02  0.10029793E-01 -0.83004170E+00  0.00000000E+00  0.12929606E-02
  0.00000000E+00  0.12929606E-02  0.00000000E+00  0.00000000E+00  0.00000000E+00  0.00000000E+00  0.16671429E-02  0.63979306E-03  0.12952944E-01  0.25711180E-01  0.00000000E+00  0.00000000E+00  0.00000000E+00 -0.67975201E-01  0.25711180E-01
  0.00000000E+00  0.00000000E+00  0.00000000E+00  0.00000000E+00  0.00000000E+00  0.12929606E-02  0.00000000E+00  0.00000000E+00  0.00000000E+00  0.25711180E-01  0.16671429E-02  0.63979306E-03  0.12952944E-01  0.79004766E+00 -0.83231168E+00
