  0.40075302E+00  0.56443568E+00  0.52178430E-02  0.28090108E-03  0.67744647E-03  0.18368901E-01  0.73490070E-02  0.39563168E-03  0.95414118E-03  0.52330496E-03  0.23916486E-03  0.12875372E-04  0.31051412E-04  0.73704246E-03  0.23986187E-04
  0.18368901E-01  0.94681980E+00  0.23916486E-03  0.12875372E-04  0.31051412E-04  0.18368901E-01  0.12327685E-01  0.66365739E-03  0.16005362E-02  0.23986187E-04  0.23916486E-03  0.12875372E-04  0.31051412E-04  0.12363612E-02  0.23986187E-04
  0.52330496E-03  0.73704246E-03  0.40166987E+00  0.40585968E-02  0.67744647E-03  0.23986187E-04  0.56572700E+00  0.57162809E-02  0.95414118E-03  0.52330496E-03  0.18410925E-01  0.18602970E-03  0.31051412E-04  0.73704246E-03  0.23986187E-04
  0.52330496E-03  0.73704246E-03  0.67744647E-03  0.40505102E+00  0.67744647E-03  0.23986187E-04  0.95414118E-03  0.57048914E+00  0.95414118E-03  0.52330496E-03  0.31051412E-04  0.18565904E-01  0.31051412E-04  0.73704246E-03  0.23986187E-04
  0.52330496E-03  0.73704246E-03  0.67744647E-03  0.40585968E-02  0.40166987E+00  0.23986187E-04  0.95414118E-03  0.57162809E-02  0.56572700E+00  0.52330496E-03  0.31051412E-04  0.18602970E-03  0.18410925E-01  0.73704246E-03  0.23986187E-04
  0.18368901E-01  0.56443568E+00  0.23916486E-03  0.12875372E-04  0.31051412E-04  0.40075302E+00  0.73490070E-02  0.39563168E-03  0.95414118E-03  0.23986187E-04  0.52178430E-02  0.28090108E-03  0.67744647E-03  0.73704246E-03  0.52330496E-03
  0.23986187E-04  0.12363612E-02  0.18410925E-01  0.18602970E-03  0.31051412E-04  0.23986187E-04  0.94898594E+00  0.95888481E-02  0.16005362E-02  0.23986187E-04  0.18410925E-01  0.18602970E-03  0.31051412E-04  0.12363612E-02  0.23986187E-04
  0.23986187E-04  0.12363612E-02  0.31051412E-04  0.18565904E-01  0.31051412E-04  0.23986187E-04  0.16005362E-02  0.95697425E+00  0.16005362E-02  0.23986187E-04  0.31051412E-04  0.18565904E-01  0.31051412E-04  0.12363612E-02  0.23986187E-04
  0.23986187E-04  0.12363612E-02  0.31051412E-04  0.18602970E-03  0.18410925E-01  0.23986187E-04  0.16005362E-02  0.95888481E-02  0.94898594E+00  0.23986187E-04  0.31051412E-04  0.18602970E-03  0.18410925E-01  0.12363612E-02  0.23986187E-04
  0.52330496E-03  0.73704246E-03  0.67744647E-03  0.28090108E-03  0.52178430E-02  0.23986187E-04  0.95414118E-03  0.39563168E-03  0.73490070E-02  0.40075302E+00  0.31051412E-04  0.12875372E-04  0.23916486E-03  0.56443568E+00  0.18368901E-01
  0.23986187E-04  0.73704246E-03  0.18410925E-01  0.18602970E-03  0.31051412E-04  0.52330496E-03  0.56572700E+00  0.57162809E-02  0.95414118E-03  0.23986187E-04  0.40166987E+00  0.40585968E-02  0.67744647E-03  0.73704246E-03  0.52330496E-03
  0.23986187E-04  0.73704246E-03  0.31051412E-04  0.18565904E-01  0.31051412E-04  0.52330496E-03  0.95414118E-03  0.57048914E+00  0.95414118E-03  0.23986187E-04  0.67744647E-03  0.40505102E+00  0.67744647E-03  0.73704246E-03  0.52330496E-03
  0.23986187E-04  0.73704246E-03  0.31051412E-04  0.18602970E-03  0.18410925E-01  0.52330496E-03  0.95414118E-03  0.57162809E-02  0.56572700E+00  0.23986187E-04  0.67744647E-03  0.40585968E-02  0.40166987E+00  0.73704246E-03  0.52330496E-03
  0.23986187E-04  0.12363612E-02  0.31051412E-04  0.12875372E-04  0.23916486E-03  0.23986187E-04  0.16005362E-02  0.66365739E-03  0.12327685E-01  0.18368901E-01  0.31051412E-04  0.12875372E-04  0.23916486E-03  0.94681980E+00  0.18368901E-01
  0.23986187E-04  0.73704246E-03  0.31051412E-04  0.12875372E-04  0.23916486E-03  0.52330496E-03  0.95414118E-03  0.39563168E-03  0.73490070E-02  0.18368901E-01  0.67744647E-03  0.28090108E-03  0.52178430E-02  0.56443568E+00  0.40075302E+00
