 -0.10660609E+01  0.10044615E+01  0.13537496E-01  0.77455060E-03  0.89193000E-02  0.15770516E-02  0.17504207E-01  0.00000000E+00  0.00000000E+00  0.00000000E+00  0.00000000E+00  0.13156732E-02  0.00000000E+00  0.17971143E-01  0.00000000E+00  0.00000000E+00  0.00000000E+00  0.00000000E+00  0.00000000E+00  0.00000000E+00  0.00000000E+00  0.00000000E+00  0.00000000E+00  0.00000000E+00  0.00000000E+00
  0.17971143E-01 -0.84117058E+00  0.00000000E+00  0.00000000E+00  0.77051932E+00  0.00000000E+00  0.17504207E-01  0.13537496E-01  0.77455060E-03  0.00000000E+00  0.15770516E-02  0.00000000E+00  0.00000000E+00  0.17971143E-01  0.00000000E+00  0.00000000E+00  0.00000000E+00  0.00000000E+00  0.13156732E-02  0.00000000E+00  0.00000000E+00  0.00000000E+00  0.00000000E+00  0.00000000E+00  0.00000000E+00
  0.13156732E-02  0.00000000E+00 -0.10632291E+01  0.10164551E-01  0.00000000E+00  0.15770516E-02  0.00000000E+00  0.10044615E+01  0.00000000E+00  0.89193000E-02  0.00000000E+00  0.13156732E-02  0.00000000E+00  0.00000000E+00  0.17504207E-01  0.00000000E+00  0.00000000E+00  0.00000000E+00  0.00000000E+00  0.17971143E-01  0.00000000E+00  0.00000000E+00  0.00000000E+00  0.00000000E+00  0.00000000E+00
  0.13156732E-02  0.00000000E+00  0.15770516E-02 -0.10546416E+01  0.00000000E+00  0.15770516E-02  0.00000000E+00  0.00000000E+00  0.10044615E+01  0.00000000E+00  0.00000000E+00  0.13156732E-02  0.89193000E-02  0.00000000E+00  0.00000000E+00  0.00000000E+00  0.17504207E-01  0.00000000E+00  0.00000000E+00  0.00000000E+00  0.00000000E+00  0.17971143E-01  0.00000000E+00  0.00000000E+00  0.00000000E+00
  0.17971143E-01  0.17504207E-01  0.00000000E+00  0.00000000E+00 -0.88155472E-01  0.00000000E+00  0.17504207E-01  0.00000000E+00  0.00000000E+00  0.13537496E-01  0.00000000E+00  0.00000000E+00  0.77455060E-03  0.17971143E-01  0.00000000E+00  0.15770516E-02  0.00000000E+00  0.00000000E+00  0.00000000E+00  0.00000000E+00  0.13156732E-02  0.00000000E+00  0.00000000E+00  0.00000000E+00  0.00000000E+00
  0.13156732E-02  0.00000000E+00  0.15770516E-02  0.10164551E-01  0.00000000E+00 -0.10632291E+01  0.00000000E+00  0.00000000E+00  0.00000000E+00  0.00000000E+00  0.10044615E+01  0.13156732E-02  0.00000000E+00  0.00000000E+00  0.00000000E+00  0.89193000E-02  0.00000000E+00  0.17504207E-01  0.00000000E+00  0.00000000E+00  0.00000000E+00  0.00000000E+00  0.17971143E-01  0.00000000E+00  0.00000000E+00
  0.17971143E-01  0.17504207E-01  0.00000000E+00  0.00000000E+00  0.77051932E+00  0.00000000E+00 -0.84117058E+00  0.00000000E+00  0.00000000E+00  0.00000000E+00  0.00000000E+00  0.00000000E+00  0.00000000E+00  0.17971143E-01  0.13537496E-01  0.00000000E+00  0.77455060E-03  0.15770516E-02  0.00000000E+00  0.00000000E+00  0.00000000E+00  0.00000000E+00  0.00000000E+00  0.13156732E-02  0.00000000E+00
  0.00000000E+00  0.13156732E-02  0.17971143E-01  0.00000000E+00  0.00000000E+00  0.00000000E+00  0.00000000E+00 -0.83833876E+00  0.10164551E-01  0.77051932E+00  0.15770516E-02  0.00000000E+00  0.00000000E+00  0.00000000E+00  0.17504207E-01  0.00000000E+00  0.00000000E+00  0.00000000E+00  0.13156732E-02  0.17971143E-01  0.00000000E+00  0.00000000E+00  0.00000000E+00  0.00000000E+00  0.00000000E+00
  0.00000000E+00  0.13156732E-02  0.00000000E+00  0.17971143E-01  0.00000000E+00  0.00000000E+00  0.00000000E+00  0.15770516E-02 -0.82975126E+00  0.00000000E+00  0.15770516E-02  0.00000000E+00  0.77051932E+00  0.00000000E+00  0.00000000E+00  0.00000000E+00  0.17504207E-01  0.00000000E+00  0.13156732E-02  0.00000000E+00  0.00000000E+00  0.17971143E-01  0.00000000E+00  0.00000000E+00  0.00000000E+00
  0.00000000E+00  0.00000000E+00  0.17971143E-01  0.00000000E+00  0.13156732E-02  0.00000000E+00  0.00000000E+00  0.17504207E-01  0.00000000E+00 -0.85323649E-01  0.00000000E+00  0.00000000E+00  0.10164551E-01  0.00000000E+00  0.17504207E-01  0.15770516E-02  0.00000000E+00  0.00000000E+00  0.00000000E+00  0.17971143E-01  0.13156732E-02  0.00000000E+00  0.00000000E+00  0.00000000E+00  0.00000000E+00
  0.00000000E+00  0.13156732E-02  0.00000000E+00  0.00000000E+00  0.00000000E+00  0.17971143E-01  0.00000000E+00  0.15770516E-02  0.10164551E-01  0.00000000E+00 -0.83833876E+00  0.00000000E+00  0.00000000E+00  0.00000000E+00  0.00000000E+00  0.77051932E+00  0.00000000E+00  0.17504207E-01  0.13156732E-02  0.00000000E+00  0.00000000E+00  0.00000000E+00  0.17971143E-01  0.00000000E+00  0.00000000E+00
  0.13156732E-02  0.00000000E+00  0.15770516E-02  0.77455060E-03  0.00000000E+00  0.13537496E-01  0.00000000E+00  0.00000000E+00  0.00000000E+00  0.00000000E+00  0.00000000E+00 -0.10660609E+01  0.00000000E+00  0.00000000E+00  0.00000000E+00  0.00000000E+00  0.00000000E+00  0.00000000E+00  0.10044615E+01  0.00000000E+00  0.89193000E-02  0.00000000E+00  0.00000000E+00  0.17504207E-01  0.17971143E-01
  0.00000000E+00  0.00000000E+00  0.00000000E+00  0.17971143E-01  0.13156732E-02  0.00000000E+00  0.00000000E+00  0.00000000E+00  0.17504207E-01  0.15770516E-02  0.00000000E+00  0.00000000E+00 -0.76736150E-01  0.00000000E+00  0.00000000E+00  0.15770516E-02  0.17504207E-01  0.00000000E+00  0.00000000E+00  0.00000000E+00  0.13156732E-02  0.17971143E-01  0.00000000E+00  0.00000000E+00  0.00000000E+00
  0.17971143E-01  0.17504207E-01  0.00000000E+00  0.00000000E+00  0.89193000E-02  0.00000000E+00  0.10044615E+01  0.00000000E+00  0.00000000E+00  0.00000000E+00  0.00000000E+00  0.00000000E+00  0.00000000E+00 -0.10660609E+01  0.00000000E+00  0.00000000E+00  0.00000000E+00  0.00000000E+00  0.00000000E+00  0.13537496E-01  0.00000000E+00  0.77455060E-03  0.15770516E-02  0.00000000E+00  0.13156732E-02
  0.00000000E+00  0.00000000E+00  0.17971143E-01  0.00000000E+00  0.00000000E+00  0.00000000E+00  0.13156732E-02  0.17504207E-01  0.00000000E+00  0.77051932E+00  0.00000000E+00  0.00000000E+00  0.00000000E+00  0.00000000E+00 -0.83833876E+00  0.00000000E+00  0.10164551E-01  0.15770516E-02  0.00000000E+00  0.17971143E-01  0.00000000E+00  0.00000000E+00  0.00000000E+00  0.13156732E-02  0.00000000E+00
  0.00000000E+00  0.00000000E+00  0.00000000E+00  0.00000000E+00  0.13156732E-02  0.17971143E-01  0.00000000E+00  0.00000000E+00  0.00000000E+00  0.15770516E-02  0.17504207E-01  0.00000000E+00  0.10164551E-01  0.00000000E+00  0.00000000E+00 -0.85323649E-01  0.00000000E+00  0.17504207E-01  0.00000000E+00  0.00000000E+00  0.13156732E-02  0.00000000E+00  0.17971143E-01  0.00000000E+00  0.00000000E+00
  0.00000000E+00  0.00000000E+00  0.00000000E+00  0.17971143E-01  0.00000000E+00  0.00000000E+00  0.13156732E-02  0.00000000E+00  0.17504207E-01  0.00000000E+00  0.00000000E+00  0.00000000E+00  0.77051932E+00  0.00000000E+00  0.15770516E-02  0.00000000E+00 -0.82975126E+00  0.15770516E-02  0.00000000E+00  0.00000000E+00  0.00000000E+00  0.17971143E-01  0.00000000E+00  0.13156732E-02  0.00000000E+00
  0.00000000E+00  0.00000000E+00  0.00000000E+00  0.00000000E+00  0.00000000E+00  0.17971143E-01  0.13156732E-02  0.00000000E+00  0.00000000E+00  0.00000000E+00  0.17504207E-01  0.00000000E+00  0.00000000E+00  0.00000000E+00  0.15770516E-02  0.77051932E+00  0.10164551E-01 -0.83833876E+00  0.00000000E+00  0.00000000E+00  0.00000000E+00  0.00000000E+00  0.17971143E-01  0.13156732E-02  0.00000000E+00
  0.00000000E+00  0.13156732E-02  0.00000000E+00  0.00000000E+00  0.00000000E+00  0.00000000E+00  0.00000000E+00  0.15770516E-02  0.77455060E-03  0.00000000E+00  0.13537496E-01  0.17971143E-01  0.00000000E+00  0.00000000E+00  0.00000000E+00  0.00000000E+00  0.00000000E+00  0.00000000E+00 -0.84117058E+00  0.00000000E+00  0.77051932E+00  0.00000000E+00  0.00000000E+00  0.17504207E-01  0.17971143E-01
  0.00000000E+00  0.00000000E+00  0.17971143E-01  0.00000000E+00  0.00000000E+00  0.00000000E+00  0.00000000E+00  0.17504207E-01  0.00000000E+00  0.89193000E-02  0.00000000E+00  0.00000000E+00  0.00000000E+00  0.13156732E-02  0.10044615E+01  0.00000000E+00  0.00000000E+00  0.00000000E+00  0.00000000E+00 -0.10632291E+01  0.00000000E+00  0.10164551E-01  0.15770516E-02  0.00000000E+00  0.13156732E-02
  0.00000000E+00  0.00000000E+00  0.00000000E+00  0.00000000E+00  0.13156732E-02  0.00000000E+00  0.00000000E+00  0.00000000E+00  0.00000000E+00  0.15770516E-02  0.00000000E+00  0.17971143E-01  0.77455060E-03  0.00000000E+00  0.00000000E+00  0.13537496E-01  0.00000000E+00  0.00000000E+00  0.17504207E-01  0.00000000E+00 -0.88155472E-01  0.00000000E+00  0.00000000E+00  0.17504207E-01  0.17971143E-01
  0.00000000E+00  0.00000000E+00  0.00000000E+00  0.17971143E-01  0.00000000E+00  0.00000000E+00  0.00000000E+00  0.00000000E+00  0.17504207E-01  0.00000000E+00  0.00000000E+00  0.00000000E+00  0.89193000E-02  0.13156732E-02  0.00000000E+00  0.00000000E+00  0.10044615E+01  0.00000000E+00  0.00000000E+00  0.15770516E-02  0.00000000E+00 -0.10546416E+01  0.15770516E-02  0.00000000E+00  0.13156732E-02
  0.00000000E+00  0.00000000E+00  0.00000000E+00  0.00000000E+00  0.00000000E+00  0.17971143E-01  0.00000000E+00  0.00000000E+00  0.00000000E+00  0.00000000E+00  0.17504207E-01  0.00000000E+00  0.00000000E+00  0.13156732E-02  0.00000000E+00  0.89193000E-02  0.00000000E+00  0.10044615E+01  0.00000000E+00  0.15770516E-02  0.00000000E+00  0.10164551E-01 -0.10632291E+01  0.00000000E+00  0.13156732E-02
  0.00000000E+00  0.00000000E+00  0.00000000E+00  0.00000000E+00  0.00000000E+00  0.00000000E+00  0.13156732E-02  0.00000000E+00  0.00000000E+00  0.00000000E+00  0.00000000E+00  0.17971143E-01  0.00000000E+00  0.00000000E+00  0.15770516E-02  0.00000000E+00  0.77455060E-03  0.13537496E-01  0.17504207E-01  0.00000000E+00  0.77051932E+00  0.00000000E+00  0.00000000E+00 -0.84117058E+00  0.17971143E-01
  0.00000000E+00  0.00000000E+00  0.00000000E+00  0.00000000E+00  0.00000000E+00  0.00000000E+00  0.00000000E+00  0.00000000E+00  0.00000000E+00  0.00000000E+00  0.00000000E+00  0.17971143E-01  0.00000000E+00  0.13156732E-02  0.00000000E+00  0.00000000E+00  0.00000000E+00  0.00000000E+00  0.17504207E-01  0.15770516E-02  0.89193000E-02  0.77455060E-03  0.13537496E-01  0.10044615E+01 -0.10660609E+01
