  0.29597155E+00  0.44604069E+00  0.40289412E-02  0.24858920E-03  0.21198940E+00  0.47380986E-03  0.17142602E-01  0.60717719E-02  0.37463364E-03  0.28857261E-02  0.71404997E-03  0.39342767E-03  0.17805182E-03  0.11770106E-01  0.23335532E-03  0.33936595E-03  0.14398227E-04  0.27442954E-04  0.59291088E-03  0.16022170E-03  0.28179227E-03  0.98858189E-05  0.18842325E-04  0.22787237E-04  0.15645711E-04
  0.11770106E-01  0.39927664E+00  0.16022170E-03  0.98858189E-05  0.54295490E+00  0.18842325E-04  0.17142602E-01  0.54351918E-02  0.33535608E-03  0.73910258E-02  0.63918714E-03  0.15645711E-04  0.45603275E-03  0.11770106E-01  0.23335532E-03  0.86919632E-03  0.14398227E-04  0.27442954E-04  0.53074858E-03  0.16022170E-03  0.72173654E-03  0.98858189E-05  0.18842325E-04  0.22787237E-04  0.15645711E-04
  0.39342767E-03  0.59291088E-03  0.29681597E+00  0.30396798E-02  0.28179227E-03  0.47380986E-03  0.22787237E-04  0.44731327E+00  0.45809163E-02  0.21259422E+00  0.71404997E-03  0.39342767E-03  0.21771684E-02  0.15645711E-04  0.17191510E-01  0.33936595E-03  0.17605753E-03  0.27442954E-04  0.59291088E-03  0.11803687E-01  0.28179227E-03  0.12088106E-03  0.18842325E-04  0.22787237E-04  0.15645711E-04
  0.39342767E-03  0.59291088E-03  0.47380986E-03  0.29938184E+00  0.28179227E-03  0.47380986E-03  0.22787237E-04  0.71404997E-03  0.45118014E+00  0.33936595E-03  0.71404997E-03  0.39342767E-03  0.21443202E+00  0.15645711E-04  0.27442954E-04  0.33936595E-03  0.17340125E-01  0.27442954E-04  0.59291088E-03  0.18842325E-04  0.28179227E-03  0.11905725E-01  0.18842325E-04  0.22787237E-04  0.15645711E-04
  0.11770106E-01  0.17142602E-01  0.16022170E-03  0.98858189E-05  0.92508894E+00  0.18842325E-04  0.17142602E-01  0.23335532E-03  0.14398227E-04  0.12592862E-01  0.27442954E-04  0.15645711E-04  0.77699061E-03  0.11770106E-01  0.23335532E-03  0.14809405E-02  0.14398227E-04  0.27442954E-04  0.22787237E-04  0.16022170E-03  0.12296979E-02  0.98858189E-05  0.18842325E-04  0.22787237E-04  0.15645711E-04
  0.39342767E-03  0.59291088E-03  0.47380986E-03  0.30396798E-02  0.28179227E-03  0.29681597E+00  0.22787237E-04  0.71404997E-03  0.45809163E-02  0.33936595E-03  0.44731327E+00  0.39342767E-03  0.21771684E-02  0.15645711E-04  0.27442954E-04  0.21259422E+00  0.17605753E-03  0.17191510E-01  0.59291088E-03  0.18842325E-04  0.28179227E-03  0.12088106E-03  0.11803687E-01  0.22787237E-04  0.15645711E-04
  0.11770106E-01  0.17142602E-01  0.16022170E-03  0.98858189E-05  0.54295490E+00  0.18842325E-04  0.39927664E+00  0.23335532E-03  0.14398227E-04  0.73910258E-02  0.27442954E-04  0.15645711E-04  0.45603275E-03  0.11770106E-01  0.54351918E-02  0.86919632E-03  0.33535608E-03  0.63918714E-03  0.22787237E-04  0.16022170E-03  0.72173654E-03  0.98858189E-05  0.18842325E-04  0.53074858E-03  0.15645711E-04
  0.15645711E-04  0.53074858E-03  0.11803687E-01  0.12088106E-03  0.72173654E-03  0.18842325E-04  0.22787237E-04  0.40041580E+00  0.41006413E-02  0.54450398E+00  0.63918714E-03  0.15645711E-04  0.55762422E-02  0.15645711E-04  0.17191510E-01  0.86919632E-03  0.17605753E-03  0.27442954E-04  0.53074858E-03  0.11803687E-01  0.72173654E-03  0.12088106E-03  0.18842325E-04  0.22787237E-04  0.15645711E-04
  0.15645711E-04  0.53074858E-03  0.18842325E-04  0.11905725E-01  0.72173654E-03  0.18842325E-04  0.22787237E-04  0.63918714E-03  0.40387725E+00  0.86919632E-03  0.63918714E-03  0.15645711E-04  0.54921102E+00  0.15645711E-04  0.27442954E-04  0.86919632E-03  0.17340125E-01  0.27442954E-04  0.53074858E-03  0.18842325E-04  0.72173654E-03  0.11905725E-01  0.18842325E-04  0.22787237E-04  0.15645711E-04
  0.15645711E-04  0.22787237E-04  0.11803687E-01  0.12088106E-03  0.12296979E-02  0.18842325E-04  0.22787237E-04  0.17191510E-01  0.17605753E-03  0.92772826E+00  0.27442954E-04  0.15645711E-04  0.95008259E-02  0.15645711E-04  0.17191510E-01  0.14809405E-02  0.17605753E-03  0.27442954E-04  0.22787237E-04  0.11803687E-01  0.12296979E-02  0.12088106E-03  0.18842325E-04  0.22787237E-04  0.15645711E-04
  0.15645711E-04  0.53074858E-03  0.18842325E-04  0.12088106E-03  0.72173654E-03  0.11803687E-01  0.22787237E-04  0.63918714E-03  0.41006413E-02  0.86919632E-03  0.40041580E+00  0.15645711E-04  0.55762422E-02  0.15645711E-04  0.27442954E-04  0.54450398E+00  0.17605753E-03  0.17191510E-01  0.53074858E-03  0.18842325E-04  0.72173654E-03  0.12088106E-03  0.11803687E-01  0.22787237E-04  0.15645711E-04
  0.39342767E-03  0.59291088E-03  0.47380986E-03  0.24858920E-03  0.28179227E-03  0.40289412E-02  0.22787237E-04  0.71404997E-03  0.37463364E-03  0.33936595E-03  0.60717719E-02  0.29597155E+00  0.17805182E-03  0.15645711E-04  0.27442954E-04  0.28857261E-02  0.14398227E-04  0.23335532E-03  0.44604069E+00  0.18842325E-04  0.21198940E+00  0.98858189E-05  0.16022170E-03  0.17142602E-01  0.11770106E-01
  0.15645711E-04  0.22787237E-04  0.18842325E-04  0.11905725E-01  0.12296979E-02  0.18842325E-04  0.22787237E-04  0.27442954E-04  0.17340125E-01  0.14809405E-02  0.27442954E-04  0.15645711E-04  0.93574815E+00  0.15645711E-04  0.27442954E-04  0.14809405E-02  0.17340125E-01  0.27442954E-04  0.22787237E-04  0.18842325E-04  0.12296979E-02  0.11905725E-01  0.18842325E-04  0.22787237E-04  0.15645711E-04
  0.11770106E-01  0.17142602E-01  0.16022170E-03  0.98858189E-05  0.21198940E+00  0.18842325E-04  0.44604069E+00  0.23335532E-03  0.14398227E-04  0.28857261E-02  0.27442954E-04  0.15645711E-04  0.17805182E-03  0.29597155E+00  0.60717719E-02  0.33936595E-03  0.37463364E-03  0.71404997E-03  0.22787237E-04  0.40289412E-02  0.28179227E-03  0.24858920E-03  0.47380986E-03  0.59291088E-03  0.39342767E-03
  0.15645711E-04  0.22787237E-04  0.11803687E-01  0.12088106E-03  0.72173654E-03  0.18842325E-04  0.53074858E-03  0.17191510E-01  0.17605753E-03  0.54450398E+00  0.27442954E-04  0.15645711E-04  0.55762422E-02  0.15645711E-04  0.40041580E+00  0.86919632E-03  0.41006413E-02  0.63918714E-03  0.22787237E-04  0.11803687E-01  0.72173654E-03  0.12088106E-03  0.18842325E-04  0.53074858E-03  0.15645711E-04
  0.15645711E-04  0.22787237E-04  0.18842325E-04  0.12088106E-03  0.12296979E-02  0.11803687E-01  0.22787237E-04  0.27442954E-04  0.17605753E-03  0.14809405E-02  0.17191510E-01  0.15645711E-04  0.95008259E-02  0.15645711E-04  0.27442954E-04  0.92772826E+00  0.17605753E-03  0.17191510E-01  0.22787237E-04  0.18842325E-04  0.12296979E-02  0.12088106E-03  0.11803687E-01  0.22787237E-04  0.15645711E-04
  0.15645711E-04  0.22787237E-04  0.18842325E-04  0.11905725E-01  0.72173654E-03  0.18842325E-04  0.53074858E-03  0.27442954E-04  0.17340125E-01  0.86919632E-03  0.27442954E-04  0.15645711E-04  0.54921102E+00  0.15645711E-04  0.63918714E-03  0.86919632E-03  0.40387725E+00  0.63918714E-03  0.22787237E-04  0.18842325E-04  0.72173654E-03  0.11905725E-01  0.18842325E-04  0.53074858E-03  0.15645711E-04
  0.15645711E-04  0.22787237E-04  0.18842325E-04  0.12088106E-03  0.72173654E-03  0.11803687E-01  0.53074858E-03  0.27442954E-04  0.17605753E-03  0.86919632E-03  0.17191510E-01  0.15645711E-04  0.55762422E-02  0.15645711E-04  0.63918714E-03  0.54450398E+00  0.41006413E-02  0.40041580E+00  0.22787237E-04  0.18842325E-04  0.72173654E-03  0.12088106E-03  0.11803687E-01  0.53074858E-03  0.15645711E-04
  0.15645711E-04  0.53074858E-03  0.18842325E-04  0.98858189E-05  0.72173654E-03  0.16022170E-03  0.22787237E-04  0.63918714E-03  0.33535608E-03  0.86919632E-03  0.54351918E-02  0.11770106E-01  0.45603275E-03  0.15645711E-04  0.27442954E-04  0.73910258E-02  0.14398227E-04  0.23335532E-03  0.39927664E+00  0.18842325E-04  0.54295490E+00  0.98858189E-05  0.16022170E-03  0.17142602E-01  0.11770106E-01
  0.15645711E-04  0.22787237E-04  0.11803687E-01  0.12088106E-03  0.28179227E-03  0.18842325E-04  0.59291088E-03  0.17191510E-01  0.17605753E-03  0.21259422E+00  0.27442954E-04  0.15645711E-04  0.21771684E-02  0.39342767E-03  0.44731327E+00  0.33936595E-03  0.45809163E-02  0.71404997E-03  0.22787237E-04  0.29681597E+00  0.28179227E-03  0.30396798E-02  0.47380986E-03  0.59291088E-03  0.39342767E-03
  0.15645711E-04  0.22787237E-04  0.18842325E-04  0.98858189E-05  0.12296979E-02  0.16022170E-03  0.22787237E-04  0.27442954E-04  0.14398227E-04  0.14809405E-02  0.23335532E-03  0.11770106E-01  0.77699061E-03  0.15645711E-04  0.27442954E-04  0.12592862E-01  0.14398227E-04  0.23335532E-03  0.17142602E-01  0.18842325E-04  0.92508894E+00  0.98858189E-05  0.16022170E-03  0.17142602E-01  0.11770106E-01
  0.15645711E-04  0.22787237E-04  0.18842325E-04  0.11905725E-01  0.28179227E-03  0.18842325E-04  0.59291088E-03  0.27442954E-04  0.17340125E-01  0.33936595E-03  0.27442954E-04  0.15645711E-04  0.21443202E+00  0.39342767E-03  0.71404997E-03  0.33936595E-03  0.45118014E+00  0.71404997E-03  0.22787237E-04  0.47380986E-03  0.28179227E-03  0.29938184E+00  0.47380986E-03  0.59291088E-03  0.39342767E-03
  0.15645711E-04  0.22787237E-04  0.18842325E-04  0.12088106E-03  0.28179227E-03  0.11803687E-01  0.59291088E-03  0.27442954E-04  0.17605753E-03  0.33936595E-03  0.17191510E-01  0.15645711E-04  0.21771684E-02  0.39342767E-03  0.71404997E-03  0.21259422E+00  0.45809163E-02  0.44731327E+00  0.22787237E-04  0.47380986E-03  0.28179227E-03  0.30396798E-02  0.29681597E+00  0.59291088E-03  0.39342767E-03
  0.15645711E-04  0.22787237E-04  0.18842325E-04  0.98858189E-05  0.72173654E-03  0.16022170E-03  0.53074858E-03  0.27442954E-04  0.14398227E-04  0.86919632E-03  0.23335532E-03  0.11770106E-01  0.45603275E-03  0.15645711E-04  0.63918714E-03  0.73910258E-02  0.33535608E-03  0.54351918E-02  0.17142602E-01  0.18842325E-04  0.54295490E+00  0.98858189E-05  0.16022170E-03  0.39927664E+00  0.11770106E-01
  0.15645711E-04  0.22787237E-04  0.18842325E-04  0.98858189E-05  0.28179227E-03  0.16022170E-03  0.59291088E-03  0.27442954E-04  0.14398227E-04  0.33936595E-03  0.23335532E-03  0.11770106E-01  0.17805182E-03  0.39342767E-03  0.71404997E-03  0.28857261E-02  0.37463364E-03  0.60717719E-02  0.17142602E-01  0.47380986E-03  0.21198940E+00  0.24858920E-03  0.40289412E-02  0.44604069E+00  0.29597155E+00
